lp:18	send_count:1000	send_bytes:409600	send_time:32768.000000	recv_count:1000	recv_bytes:409600	recv_time:1226266.301178	max_event_size:424
lp:19	send_count:1000	send_bytes:409600	send_time:32768.000000	recv_count:1000	recv_bytes:409600	recv_time:1226818.432754	max_event_size:424
