lp:18	send_count:819200	send_bytes:419430400	send_time:33554432.000542	recv_count:819200	recv_bytes:419430400	recv_time:884164242540.474731	max_event_size:512
lp:19	send_count:819200	send_bytes:419430400	send_time:33554432.000542	recv_count:819200	recv_bytes:419430400	recv_time:883335777891.214966	max_event_size:512
