lp:18	send_count:51200	send_bytes:26214400	send_time:2097151.999999	recv_count:51200	recv_bytes:26214400	recv_time:7412212.672676	max_event_size:512
lp:19	send_count:51200	send_bytes:26214400	send_time:2097151.999999	recv_count:51200	recv_bytes:26214400	recv_time:7412158.334913	max_event_size:512
