lp:1	send_count:3400	send_bytes:1638400	send_time:142000.000000	recv_count:3400	recv_bytes:1638400	recv_time:125000.000000	max_event_size:424
lp:3	send_count:3400	send_bytes:1638400	send_time:142000.000000	recv_count:3400	recv_bytes:1638400	recv_time:125000.000000	max_event_size:424
