lp:18	send_count:300	send_bytes:51200	send_time:4096.000000	recv_count:300	recv_bytes:51200	recv_time:155592.700652	max_event_size:424
lp:19	send_count:300	send_bytes:51200	send_time:4096.000000	recv_count:300	recv_bytes:51200	recv_time:155632.311002	max_event_size:424
