lp:1	send_count:300	send_bytes:6400	send_time:1988.281250	recv_count:300	recv_bytes:6400	recv_time:488.281250	max_event_size:424
lp:3	send_count:300	send_bytes:6400	send_time:1988.281250	recv_count:300	recv_bytes:6400	recv_time:488.281250	max_event_size:424
