lp:18	send_count:204800	send_bytes:104857600	send_time:8388607.999993	recv_count:204800	recv_bytes:104857600	recv_time:6166497370.808535	max_event_size:512
lp:19	send_count:204800	send_bytes:104857600	send_time:8388607.999993	recv_count:204800	recv_bytes:104857600	recv_time:6157073519.098878	max_event_size:512
