lp:1	send_count:300	send_bytes:1600	send_time:1622.070312	recv_count:300	recv_bytes:1600	recv_time:122.070312	max_event_size:424
lp:3	send_count:300	send_bytes:1600	send_time:1622.070312	recv_count:300	recv_bytes:1600	recv_time:122.070312	max_event_size:424
