lp:18	send_count:409600	send_bytes:209715200	send_time:16777216.000176	recv_count:409600	recv_bytes:209715200	recv_time:49263410812.894699	max_event_size:512
lp:19	send_count:409600	send_bytes:209715200	send_time:16777216.000176	recv_count:409600	recv_bytes:209715200	recv_time:49190036335.857086	max_event_size:512
