lp:1	send_count:13000	send_bytes:6553600	send_time:565000.000000	recv_count:13000	recv_bytes:6553600	recv_time:500000.000000	max_event_size:424
lp:3	send_count:13000	send_bytes:6553600	send_time:565000.000000	recv_count:13000	recv_bytes:6553600	recv_time:500000.000000	max_event_size:424
