lp:18	send_count:1000	send_bytes:409600	send_time:32768.000000	recv_count:1000	recv_bytes:409600	recv_time:144774.912876	max_event_size:424
lp:19	send_count:1000	send_bytes:409600	send_time:32768.000000	recv_count:1000	recv_bytes:409600	recv_time:144765.406973	max_event_size:424
