lp:1	send_count:400	send_bytes:102400	send_time:9812.500000	recv_count:400	recv_bytes:102400	recv_time:7812.500000	max_event_size:424
lp:3	send_count:400	send_bytes:102400	send_time:9812.500000	recv_count:400	recv_bytes:102400	recv_time:7812.500000	max_event_size:424
