lp:18	send_count:13000	send_bytes:6553600	send_time:524288.000000	recv_count:13000	recv_bytes:6553600	recv_time:1881985.689846	max_event_size:424
lp:19	send_count:13000	send_bytes:6553600	send_time:524288.000000	recv_count:13000	recv_bytes:6553600	recv_time:1882035.171965	max_event_size:424
