lp:18	send_count:300	send_bytes:3200	send_time:256.000000	recv_count:300	recv_bytes:3200	recv_time:35747.170077	max_event_size:424
lp:19	send_count:300	send_bytes:3200	send_time:256.000000	recv_count:300	recv_bytes:3200	recv_time:35747.096455	max_event_size:424
