lp:18	send_count:6600	send_bytes:3276800	send_time:262144.000000	recv_count:6600	recv_bytes:3276800	recv_time:14733063.215906	max_event_size:424
lp:19	send_count:6600	send_bytes:3276800	send_time:262144.000000	recv_count:6600	recv_bytes:3276800	recv_time:14758216.829496	max_event_size:424
