lp:18	send_count:300	send_bytes:1600	send_time:128.000000	recv_count:300	recv_bytes:1600	recv_time:35501.185801	max_event_size:424
lp:19	send_count:300	send_bytes:1600	send_time:128.000000	recv_count:300	recv_bytes:1600	recv_time:35491.779785	max_event_size:424
