lp:18	send_count:300	send_bytes:1600	send_time:128.000000	recv_count:300	recv_bytes:1600	recv_time:20135.115090	max_event_size:424
lp:19	send_count:300	send_bytes:1600	send_time:128.000000	recv_count:300	recv_bytes:1600	recv_time:20133.081908	max_event_size:424
