lp:18	send_count:102400	send_bytes:52428800	send_time:4194303.999997	recv_count:102400	recv_bytes:52428800	recv_time:1611599004.130615	max_event_size:512
lp:19	send_count:102400	send_bytes:52428800	send_time:4194303.999997	recv_count:102400	recv_bytes:52428800	recv_time:1613476419.917751	max_event_size:512
