lp:1	send_count:25600	send_bytes:13107200	send_time:1128000.000000	recv_count:25600	recv_bytes:13107200	recv_time:1000000.000000	max_event_size:512
lp:3	send_count:25600	send_bytes:13107200	send_time:1128000.000000	recv_count:25600	recv_bytes:13107200	recv_time:1000000.000000	max_event_size:512
