lp:18	send_count:600	send_bytes:204800	send_time:16384.000000	recv_count:600	recv_bytes:204800	recv_time:86857.114143	max_event_size:424
lp:19	send_count:600	send_bytes:204800	send_time:16384.000000	recv_count:600	recv_bytes:204800	recv_time:86862.053640	max_event_size:424
