lp:18	send_count:300	send_bytes:12800	send_time:1024.000000	recv_count:300	recv_bytes:12800	recv_time:42462.474435	max_event_size:424
lp:19	send_count:300	send_bytes:12800	send_time:1024.000000	recv_count:300	recv_bytes:12800	recv_time:42455.190132	max_event_size:424
