lp:18	send_count:300	send_bytes:800	send_time:64.000000	recv_count:300	recv_bytes:800	recv_time:20003.170077	max_event_size:424
lp:19	send_count:300	send_bytes:800	send_time:64.000000	recv_count:300	recv_bytes:800	recv_time:20003.096455	max_event_size:424
