lp:18	send_count:3400	send_bytes:1638400	send_time:131072.000000	recv_count:3400	recv_bytes:1638400	recv_time:492220.142911	max_event_size:424
lp:19	send_count:3400	send_bytes:1638400	send_time:131072.000000	recv_count:3400	recv_bytes:1638400	recv_time:492219.627514	max_event_size:424
