lp:18	send_count:409600	send_bytes:209715200	send_time:16777216.000176	recv_count:409600	recv_bytes:209715200	recv_time:59297961.636862	max_event_size:512
lp:19	send_count:409600	send_bytes:209715200	send_time:16777216.000176	recv_count:409600	recv_bytes:209715200	recv_time:59297666.275475	max_event_size:512
