lp:18	send_count:102400	send_bytes:52428800	send_time:4194303.999997	recv_count:102400	recv_bytes:52428800	recv_time:14824364.756935	max_event_size:512
lp:19	send_count:102400	send_bytes:52428800	send_time:4194303.999997	recv_count:102400	recv_bytes:52428800	recv_time:14824383.981509	max_event_size:512
