lp:18	send_count:400	send_bytes:102400	send_time:8192.000000	recv_count:400	recv_bytes:102400	recv_time:57910.991408	max_event_size:424
lp:19	send_count:400	send_bytes:102400	send_time:8192.000000	recv_count:400	recv_bytes:102400	recv_time:57901.472032	max_event_size:424
