lp:18	send_count:300	send_bytes:25600	send_time:2048.000000	recv_count:300	recv_bytes:25600	recv_time:75757.768002	max_event_size:424
lp:19	send_count:300	send_bytes:25600	send_time:2048.000000	recv_count:300	recv_bytes:25600	recv_time:75740.226417	max_event_size:424
