lp:18	send_count:1800	send_bytes:819200	send_time:65536.000000	recv_count:1800	recv_bytes:819200	recv_time:2622469.108625	max_event_size:424
lp:19	send_count:1800	send_bytes:819200	send_time:65536.000000	recv_count:1800	recv_bytes:819200	recv_time:2621626.877084	max_event_size:424
