lp:18	send_count:6600	send_bytes:3276800	send_time:262144.000000	recv_count:6600	recv_bytes:3276800	recv_time:955457.079637	max_event_size:424
lp:19	send_count:6600	send_bytes:3276800	send_time:262144.000000	recv_count:6600	recv_bytes:3276800	recv_time:955504.610617	max_event_size:424
