lp:1	send_count:300	send_bytes:800	send_time:1561.035156	recv_count:300	recv_bytes:800	recv_time:61.035156	max_event_size:424
lp:3	send_count:300	send_bytes:800	send_time:1561.035156	recv_count:300	recv_bytes:800	recv_time:61.035156	max_event_size:424
