lp:1	send_count:300	send_bytes:51200	send_time:5406.250000	recv_count:300	recv_bytes:51200	recv_time:3906.250000	max_event_size:424
lp:3	send_count:300	send_bytes:51200	send_time:5406.250000	recv_count:300	recv_bytes:51200	recv_time:3906.250000	max_event_size:424
