lp:1	send_count:300	send_bytes:12800	send_time:2476.562500	recv_count:300	recv_bytes:12800	recv_time:976.562500	max_event_size:424
lp:3	send_count:300	send_bytes:12800	send_time:2476.562500	recv_count:300	recv_bytes:12800	recv_time:976.562500	max_event_size:424
