lp:1	send_count:300	send_bytes:25600	send_time:3453.125000	recv_count:300	recv_bytes:25600	recv_time:1953.125000	max_event_size:424
lp:3	send_count:300	send_bytes:25600	send_time:3453.125000	recv_count:300	recv_bytes:25600	recv_time:1953.125000	max_event_size:424
