lp:1	send_count:600	send_bytes:204800	send_time:18625.000000	recv_count:600	recv_bytes:204800	recv_time:15625.000000	max_event_size:424
lp:3	send_count:600	send_bytes:204800	send_time:18625.000000	recv_count:600	recv_bytes:204800	recv_time:15625.000000	max_event_size:424
