lp:1	send_count:1800	send_bytes:819200	send_time:71500.000000	recv_count:1800	recv_bytes:819200	recv_time:62500.000000	max_event_size:424
lp:3	send_count:1800	send_bytes:819200	send_time:71500.000000	recv_count:1800	recv_bytes:819200	recv_time:62500.000000	max_event_size:424
