lp:18	send_count:300	send_bytes:12800	send_time:1024.000000	recv_count:300	recv_bytes:12800	recv_time:37283.170077	max_event_size:424
lp:19	send_count:300	send_bytes:12800	send_time:1024.000000	recv_count:300	recv_bytes:12800	recv_time:37283.096455	max_event_size:424
