lp:18	send_count:300	send_bytes:6400	send_time:512.000000	recv_count:300	recv_bytes:6400	recv_time:36259.170077	max_event_size:424
lp:19	send_count:300	send_bytes:6400	send_time:512.000000	recv_count:300	recv_bytes:6400	recv_time:36259.096455	max_event_size:424
