lp:18	send_count:400	send_bytes:102400	send_time:8192.000000	recv_count:400	recv_bytes:102400	recv_time:300324.741058	max_event_size:424
lp:19	send_count:400	send_bytes:102400	send_time:8192.000000	recv_count:400	recv_bytes:102400	recv_time:300383.189660	max_event_size:424
