lp:18	send_count:204800	send_bytes:104857600	send_time:8388607.999993	recv_count:204800	recv_bytes:104857600	recv_time:29648875.277568	max_event_size:512
lp:19	send_count:204800	send_bytes:104857600	send_time:8388607.999993	recv_count:204800	recv_bytes:104857600	recv_time:29648979.963400	max_event_size:512
