lp:18	send_count:300	send_bytes:1600	send_time:128.000000	recv_count:300	recv_bytes:1600	recv_time:35497.615756	max_event_size:424
lp:19	send_count:300	send_bytes:1600	send_time:128.000000	recv_count:300	recv_bytes:1600	recv_time:35485.545996	max_event_size:424
