lp:18	send_count:25600	send_bytes:13107200	send_time:1048576.000000	recv_count:25600	recv_bytes:13107200	recv_time:127635076.576213	max_event_size:512
lp:19	send_count:25600	send_bytes:13107200	send_time:1048576.000000	recv_count:25600	recv_bytes:13107200	recv_time:127757614.718479	max_event_size:512
