lp:1	send_count:300	send_bytes:3200	send_time:1744.140625	recv_count:300	recv_bytes:3200	recv_time:244.140625	max_event_size:424
lp:3	send_count:300	send_bytes:3200	send_time:1744.140625	recv_count:300	recv_bytes:3200	recv_time:244.140625	max_event_size:424
